##  Ice:
##  Warren and Brandt 2008, JGR
##  eper is calculated from (n,k), mper is assumed to (1,0)
##  wl0_um  (re(eper),im(eper)) (re(mper),im(mper))
0.0443  (0.650104,0.269878)  (1,0)
0.0451  (0.650696,0.28545)  (1,0)
0.0459  (0.647961,0.302133)  (1,0)
0.0468	(0.643921,0.322062)  (1,0)
0.0477	(0.639508,0.343741)  (1,0)
0.0486	(0.636021,0.369333)  (1,0)
0.0496	(0.639124,0.400656)  (1,0)
0.0506	(0.647812,0.4214)  (1,0)
0.0517	(0.652532,0.439419)  (1,0)
0.0528	(0.651526,0.455868)  (1,0)
0.0539	(0.644149,0.474133)  (1,0)
0.0551	(0.632422,0.504247)  (1,0)
0.0564	(0.623973,0.543512)  (1,0)
0.0577	(0.618164,0.582488)  (1,0)
0.059	(0.61375,0.63296)  (1,0)
0.0605	(0.620208,0.689685)  (1,0)
0.062	(0.631553,0.746304)  (1,0)
0.0636	(0.647839,0.807224)  (1,0)
0.0653	(0.668304,0.87232)  (1,0)
0.067	(0.694766,0.952414)  (1,0)
0.0689	(0.751397,1.04362)  (1,0)
0.0708	(0.831289,1.1126)  (1,0)
0.0729	(0.922833,1.17111)  (1,0)
0.0738	(0.965439,1.19434)  (1,0)
0.0751	(1.02884,1.21588)  (1,0)
0.0775	(1.13796,1.24555)  (1,0)
0.08	(1.24617,1.25185)  (1,0)
0.0827	(1.34492,1.2629)  (1,0)
0.0855	(1.47156,1.30908)  (1,0)
0.0886	(1.68731,1.29234)  (1,0)
0.0918	(1.84116,1.07092)  (1,0)
0.093	(1.83825,1.01002)  (1,0)
0.0954	(1.83055,0.945674)  (1,0)
0.0992	(1.84881,0.88811)  (1,0)
0.1033	(1.8885,0.817535)  (1,0)
0.1078	(1.89168,0.701846)  (1,0)
0.11	(1.86867,0.677637)  (1,0)
0.1127	(1.84894,0.659927)  (1,0)
0.114	(1.83956,0.658302)  (1,0)
0.1181	(1.84017,0.67261)  (1,0)
0.121	(1.87916,0.688093)  (1,0)
0.124	(1.92694,0.629933)  (1,0)
0.1272	(1.9217,0.545961)  (1,0)
0.1295	(1.86778,0.47944)  (1,0)
0.1305	(1.82192,0.468081)  (1,0)
0.1319	(1.76025,0.482004)  (1,0)
0.1333	(1.7074,0.512548)  (1,0)
0.1348	(1.65244,0.555078)  (1,0)
0.1362	(1.59758,0.625531)  (1,0)
0.137	(1.57753,0.696416)  (1,0)
0.1378	(1.56796,0.742788)  (1,0)
0.1387	(1.57065,0.866396)  (1,0)
0.1393	(1.61115,0.904789)  (1,0)
0.1409	(1.69688,1.03713)  (1,0)
0.1425	(1.83577,1.13323)  (1,0)
0.1435	(1.94451,1.18088)  (1,0)
0.1442	(2.03972,1.20244)  (1,0)
0.145	(2.14603,1.17921)  (1,0)
0.1459	(2.25541,1.16749)  (1,0)
0.1468	(2.35499,1.0853)  (1,0)
0.1476	(2.42265,1.05676)  (1,0)
0.148	(2.4675,1.00932)  (1,0)
0.1485	(2.4959,0.958189)  (1,0)
0.1494	(2.53509,0.885349)  (1,0)
0.1512	(2.5789,0.739632)  (1,0)
0.1531	(2.62128,0.645916)  (1,0)
0.154	(2.64201,0.562268)  (1,0)
0.155	(2.65314,0.510526)  (1,0)
0.1569	(2.66211,0.359766)  (1,0)
0.158	(2.65295,0.270729)  (1,0)
0.1589	(2.62557,0.188082)  (1,0)
0.161	(2.50161,0.0695992)  (1,0)
0.163	(2.39685,0.0262358)  (1,0)
0.165	(2.318,0.00993583)  (1,0)
0.167	(2.25811,0.00377478)  (1,0)
0.169	(2.21117,0.00143852)  (1,0)
0.171	(2.17356,0.000549029)  (1,0)
0.173	(2.14183,0.00020972)  (1,0)
0.175	(2.11499,8.01901e-05)  (1,0)
0.177	(2.09149,3.06884e-05)  (1,0)
0.179	(2.07072,1.17451e-05)  (1,0)
0.181	(2.05234,4.49836e-06)  (1,0)
0.183	(2.03576,1.5418e-06)  (1,0)
0.185	(2.02066,5.19985e-07)  (1,0)
0.187	(2.00704,1.76181e-07)  (1,0)
0.189	(1.99431,5.96796e-08)  (1,0)
0.191	(1.98275,2.02231e-08)  (1,0)
0.193	(1.97206,6.85298e-09)  (1,0)
0.195	(1.96196,2.32208e-09)  (1,0)
0.197	(1.95273,7.87016e-10)  (1,0)
0.199	(1.94407,2.6673e-10)  (1,0)
0.201	(1.93599,9.04132e-11)  (1,0)
0.2019	(1.93238,5.5604e-11)  (1,0)
0.21	(1.90468,5.5204e-11)  (1,0)
0.25	(1.82493,5.4036e-11)  (1,0)
0.3	(1.77929,5.3356e-11)  (1,0)
0.35	(1.75536,5.2996e-11)  (1,0)
0.39	(1.74319,5.2812e-11)  (1,0)
0.4	(1.74082,6.24076e-11)  (1,0)
0.41	(1.73844,7.03815e-11)  (1,0)
0.42	(1.73633,8.26198e-11)  (1,0)
0.43	(1.73449,1.09048e-10)  (1,0)
0.44	(1.73265,1.65011e-10)  (1,0)
0.45	(1.73107,2.43115e-10)  (1,0)
0.46	(1.72949,3.48501e-10)  (1,0)
0.47	(1.72791,5.14232e-10)  (1,0)
0.48	(1.7266,7.51871e-10)  (1,0)
0.49	(1.72528,1.09598e-09)  (1,0)
0.5	(1.72397,1.54645e-09)  (1,0)
0.51	(1.72292,2.10961e-09)  (1,0)
0.52	(1.72161,2.82364e-09)  (1,0)
0.53	(1.72056,3.69637e-09)  (1,0)
0.54	(1.71977,4.75514e-09)  (1,0)
0.55	(1.71872,6.00176e-09)  (1,0)
0.56	(1.71767,7.44159e-09)  (1,0)
0.57	(1.71689,9.0699e-09)  (1,0)
0.58	(1.7161,1.08966e-08)  (1,0)
0.59	(1.71531,1.29136e-08)  (1,0)
0.6	(1.71453,1.50057e-08)  (1,0)
0.61	(1.71374,1.80394e-08)  (1,0)
0.62	(1.71296,2.2459e-08)  (1,0)
0.63	(1.71217,2.72168e-08)  (1,0)
0.64	(1.71165,3.19225e-08)  (1,0)
0.65	(1.71086,3.74088e-08)  (1,0)
0.66	(1.71034,4.3419e-08)  (1,0)
0.67	(1.70982,4.94273e-08)  (1,0)
0.68	(1.70903,5.46451e-08)  (1,0)
0.69	(1.70851,6.27408e-08)  (1,0)
0.7	(1.70799,7.58002e-08)  (1,0)
0.71	(1.70746,8.9901e-08)  (1,0)
0.72	(1.70694,1.05304e-07)  (1,0)
0.73	(1.70616,1.12333e-07)  (1,0)
0.74	(1.70564,1.2851e-07)  (1,0)
0.75	(1.70537,1.53313e-07)  (1,0)
0.76	(1.70485,1.84887e-07)  (1,0)
0.77	(1.70433,2.24024e-07)  (1,0)
0.78	(1.70381,2.66281e-07)  (1,0)
0.79	(1.70329,3.08004e-07)  (1,0)
0.8	(1.70276,3.49713e-07)  (1,0)
0.81	(1.70224,3.65316e-07)  (1,0)
0.82	(1.70198,3.73116e-07)  (1,0)
0.83	(1.70146,3.78276e-07)  (1,0)
0.84	(1.70094,3.93868e-07)  (1,0)
0.85	(1.70042,4.77264e-07)  (1,0)
0.86	(1.70016,5.60677e-07)  (1,0)
0.87	(1.69963,6.90961e-07)  (1,0)
0.88	(1.69911,8.73345e-07)  (1,0)
0.89	(1.69859,1.02179e-06)  (1,0)
0.9	(1.69833,1.09469e-06)  (1,0)
0.91	(1.69781,1.15706e-06)  (1,0)
0.92	(1.69729,1.23505e-06)  (1,0)
0.93	(1.69703,1.33136e-06)  (1,0)
0.94	(1.69651,1.44057e-06)  (1,0)
0.95	(1.69599,1.56797e-06)  (1,0)
0.96	(1.69572,1.96632e-06)  (1,0)
0.97	(1.6952,2.4113e-06)  (1,0)
0.98	(1.69494,2.91626e-06)  (1,0)
0.99	(1.69442,3.46252e-06)  (1,0)
1	(1.6939,4.21686e-06)  (1,0)
1.01	(1.69364,5.2056e-06)  (1,0)
1.02	(1.69312,5.8554e-06)  (1,0)
1.03	(1.6926,6.06266e-06)  (1,0)
1.04	(1.69234,6.06219e-06)  (1,0)
1.05	(1.69182,5.64504e-06)  (1,0)
1.06	(1.6913,5.09796e-06)  (1,0)
1.07	(1.69078,4.70709e-06)  (1,0)
1.08	(1.69052,4.5247e-06)  (1,0)
1.09	(1.69,4.498e-06)  (1,0)
1.1	(1.68948,4.41932e-06)  (1,0)
1.11	(1.68922,4.57494e-06)  (1,0)
1.12	(1.6887,4.73018e-06)  (1,0)
1.13	(1.68818,5.30114e-06)  (1,0)
1.14	(1.68766,5.84595e-06)  (1,0)
1.15	(1.6874,5.94942e-06)  (1,0)
1.16	(1.68688,7.8967e-06)  (1,0)
1.17	(1.68636,9.97325e-06)  (1,0)
1.18	(1.68584,1.23867e-05)  (1,0)
1.19	(1.68532,1.49553e-05)  (1,0)
1.2	(1.6848,1.74192e-05)  (1,0)
1.21	(1.68454,2.24796e-05)  (1,0)
1.22	(1.68403,2.64731e-05)  (1,0)
1.23	(1.68351,2.93235e-05)  (1,0)
1.24	(1.68299,3.16541e-05)  (1,0)
1.25	(1.68247,3.34652e-05)  (1,0)
1.26	(1.68195,3.42382e-05)  (1,0)
1.27	(1.68143,3.50109e-05)  (1,0)
1.28	(1.68091,3.44869e-05)  (1,0)
1.29	(1.68039,3.42223e-05)  (1,0)
1.3	(1.67988,3.4217e-05)  (1,0)
1.31	(1.67936,3.39526e-05)  (1,0)
1.32	(1.67884,3.42065e-05)  (1,0)
1.33	(1.67832,3.42012e-05)  (1,0)
1.34	(1.6778,3.4714e-05)  (1,0)
1.35	(1.67728,3.60038e-05)  (1,0)
1.36	(1.67677,3.67752e-05)  (1,0)
1.37	(1.67599,3.83202e-05)  (1,0)
1.38	(1.67547,4.0903e-05)  (1,0)
1.39	(1.67469,4.50347e-05)  (1,0)
1.4	(1.67418,5.12384e-05)  (1,0)
1.41	(1.67366,8.90583e-05)  (1,0)
1.42	(1.67288,0.000154147)  (1,0)
1.43	(1.67211,0.000265861)  (1,0)
1.44	(1.67159,0.000392007)  (1,0)
1.449	(1.67107,0.000524836)  (1,0)
1.46	(1.6703,0.000760448)  (1,0)
1.471	(1.66952,0.00103032)  (1,0)
1.481	(1.66926,0.00127675)  (1,0)
1.493	(1.66875,0.00142925)  (1,0)
1.504	(1.66823,0.00138795)  (1,0)
1.515	(1.66771,0.00132833)  (1,0)
1.527	(1.6672,0.00126744)  (1,0)
1.538	(1.66642,0.00118608)  (1,0)
1.563	(1.66487,0.000995595)  (1,0)
1.587	(1.66333,0.000800904)  (1,0)
1.613	(1.66152,0.00068549)  (1,0)
1.65	(1.65869,0.000608146)  (1,0)
1.68	(1.65637,0.00052664)  (1,0)
1.7	(1.65457,0.000482363)  (1,0)
1.73	(1.652,0.000424149)  (1,0)
1.76	(1.64943,0.000390941)  (1,0)
1.8	(1.64558,0.000362006)  (1,0)
1.83	(1.6425,0.000333729)  (1,0)
1.84	(1.64122,0.000335648)  (1,0)
1.85	(1.64019,0.000342971)  (1,0)
1.855	(1.63968,0.00035265)  (1,0)
1.86	(1.63891,0.000366649)  (1,0)
1.87	(1.63763,0.000417694)  (1,0)
1.89	(1.63533,0.00065628)  (1,0)
1.905	(1.63328,0.0010431)  (1,0)
1.923	(1.63098,0.00180327)  (1,0)
1.942	(1.62869,0.00282806)  (1,0)
1.961	(1.62715,0.00367883)  (1,0)
1.98	(1.62562,0.0041157)  (1,0)
2	(1.62409,0.00418003)  (1,0)
2.02	(1.62205,0.00398892)  (1,0)
2.041	(1.62002,0.00371148)  (1,0)
2.062	(1.61747,0.00322274)  (1,0)
2.083	(1.61468,0.00259985)  (1,0)
2.105	(1.61138,0.00192593)  (1,0)
2.13	(1.60706,0.00133235)  (1,0)
2.15	(1.60352,0.00101937)  (1,0)
2.17	(1.59972,0.000818326)  (1,0)
2.19	(1.59593,0.000683951)  (1,0)
2.22	(1.58987,0.000561857)  (1,0)
2.24	(1.58533,0.000512957)  (1,0)
2.245	(1.58433,0.000510025)  (1,0)
2.25	(1.58307,0.000512087)  (1,0)
2.26	(1.5808,0.000522534)  (1,0)
2.27	(1.57854,0.000545529)  (1,0)
2.29	(1.57377,0.000636784)  (1,0)
2.31	(1.56876,0.000786069)  (1,0)
2.33	(1.5635,0.000964809)  (1,0)
2.35	(1.558,0.0011461)  (1,0)
2.37	(1.55227,0.0012925)  (1,0)
2.39	(1.54629,0.00139396)  (1,0)
2.41	(1.53983,0.00147816)  (1,0)
2.43	(1.53314,0.00154998)  (1,0)
2.46	(1.52202,0.00168277)  (1,0)
2.5	(1.50553,0.00184786)  (1,0)
2.52	(1.49622,0.00188006)  (1,0)
2.55	(1.48085,0.00186113)  (1,0)
2.565	(1.47258,0.0018137)  (1,0)
2.58	(1.46337,0.00178842)  (1,0)
2.59	(1.45709,0.00179544)  (1,0)
2.6	(1.45034,0.00181681)  (1,0)
2.62	(1.43592,0.00193142)  (1,0)
2.675	(1.38674,0.00321956)  (1,0)
2.725	(1.3241,0.00807331)  (1,0)
2.778	(1.22815,0.0298354)  (1,0)
2.817	(1.13466,0.0691639)  (1,0)
2.833	(1.09056,0.0955822)  (1,0)
2.849	(1.0438,0.128707)  (1,0)
2.865	(0.992893,0.170977)  (1,0)
2.882	(0.935688,0.233538)  (1,0)
2.899	(0.885949,0.323229)  (1,0)
2.915	(0.860893,0.42158)  (1,0)
2.933	(0.860461,0.534226)  (1,0)
2.95	(0.877417,0.616075)  (1,0)
2.967	(0.884798,0.695804)  (1,0)
2.985	(0.88578,0.789968)  (1,0)
3.003	(0.887677,0.910164)  (1,0)
3.021	(0.906564,1.05719)  (1,0)
3.04	(0.960735,1.2475)  (1,0)
3.058	(1.0869,1.47969)  (1,0)
3.077	(1.35574,1.65187)  (1,0)
3.096	(1.67186,1.68708)  (1,0)
3.115	(1.93942,1.60978)  (1,0)
3.135	(2.1546,1.51994)  (1,0)
3.155	(2.35856,1.39897)  (1,0)
3.175	(2.53026,1.2154)  (1,0)
3.195	(2.62492,0.98862)  (1,0)
3.215	(2.6346,0.780878)  (1,0)
3.236	(2.60273,0.627173)  (1,0)
3.257	(2.56971,0.509013)  (1,0)
3.279	(2.51505,0.384901)  (1,0)
3.3	(2.45869,0.323708)  (1,0)
3.322	(2.41384,0.260146)  (1,0)
3.345	(2.36591,0.205691)  (1,0)
3.367	(2.32006,0.16192)  (1,0)
3.39	(2.27404,0.129317)  (1,0)
3.413	(2.23348,0.105331)  (1,0)
3.436	(2.19757,0.0856111)  (1,0)
3.46	(2.16329,0.0690487)  (1,0)
3.484	(2.1324,0.0561086)  (1,0)
3.509	(2.10283,0.0460003)  (1,0)
3.534	(2.07659,0.038218)  (1,0)
3.559	(2.05279,0.0323813)  (1,0)
3.624	(2.00103,0.0230467)  (1,0)
3.732	(1.93873,0.0185802)  (1,0)
3.775	(1.91818,0.0192958)  (1,0)
3.847	(1.89056,0.022682)  (1,0)
3.969	(1.85574,0.0302976)  (1,0)
4.099	(1.82931,0.0397935)  (1,0)
4.239	(1.80787,0.0502111)  (1,0)
4.348	(1.79663,0.0646437)  (1,0)
4.387	(1.79516,0.0711861)  (1,0)
4.444	(1.79792,0.0802038)  (1,0)
4.505	(1.8064,0.085477)  (1,0)
4.547	(1.81426,0.0832631)  (1,0)
4.56	(1.81674,0.0810807)  (1,0)
4.58	(1.81924,0.0777891)  (1,0)
4.719	(1.81403,0.0522636)  (1,0)
4.904	(1.78979,0.036043)  (1,0)
5	(1.7754,0.033046)  (1,0)
5.1	(1.76025,0.0323739)  (1,0)
5.2	(1.7454,0.034404)  (1,0)
5.263	(1.73588,0.0363658)  (1,0)
5.4	(1.71582,0.0440946)  (1,0)
5.556	(1.69288,0.05809)  (1,0)
5.714	(1.67156,0.0842197)  (1,0)
5.747	(1.66724,0.0914265)  (1,0)
5.78	(1.66414,0.100228)  (1,0)
5.814	(1.66279,0.110183)  (1,0)
5.848	(1.66298,0.119827)  (1,0)
5.882	(1.66543,0.130312)  (1,0)
6.061	(1.68976,0.167607)  (1,0)
6.135	(1.70735,0.171649)  (1,0)
6.25	(1.72571,0.167293)  (1,0)
6.289	(1.72977,0.164983)  (1,0)
6.329	(1.73279,0.162617)  (1,0)
6.369	(1.73525,0.160908)  (1,0)
6.41	(1.73718,0.159146)  (1,0)
6.452	(1.73911,0.157462)  (1,0)
6.494	(1.74077,0.155816)  (1,0)
6.579	(1.74276,0.152754)  (1,0)
6.667	(1.74417,0.150697)  (1,0)
6.757	(1.74684,0.150281)  (1,0)
6.897	(1.75056,0.143755)  (1,0)
7.042	(1.75137,0.136705)  (1,0)
7.143	(1.74948,0.130772)  (1,0)
7.246	(1.74772,0.128057)  (1,0)
7.353	(1.74504,0.121606)  (1,0)
7.463	(1.74043,0.117216)  (1,0)
7.576	(1.73607,0.11311)  (1,0)
7.692	(1.7297,0.106343)  (1,0)
7.812	(1.7206,0.102648)  (1,0)
7.937	(1.71098,0.0999509)  (1,0)
8.065	(1.70083,0.0981134)  (1,0)
8.197	(1.69043,0.0968761)  (1,0)
8.333	(1.67928,0.0959336)  (1,0)
8.475	(1.66714,0.0949916)  (1,0)
8.696	(1.64604,0.0937982)  (1,0)
8.929	(1.62046,0.0933221)  (1,0)
9.091	(1.60012,0.0937989)  (1,0)
9.259	(1.57635,0.0951873)  (1,0)
9.524	(1.53276,0.0997401)  (1,0)
9.804	(1.47449,0.108144)  (1,0)
10	(1.41979,0.119451)  (1,0)
10.2	(1.35515,0.150658)  (1,0)
10.31	(1.31711,0.172515)  (1,0)
10.42	(1.27436,0.199285)  (1,0)
10.53	(1.22844,0.240538)  (1,0)
10.64	(1.18567,0.294023)  (1,0)
10.75	(1.15269,0.365131)  (1,0)
10.87	(1.13192,0.441986)  (1,0)
11	(1.12355,0.539946)  (1,0)
11.11	(1.13667,0.617288)  (1,0)
11.36	(1.19223,0.78014)  (1,0)
11.63	(1.29228,0.908311)  (1,0)
11.9	(1.40674,1.02626)  (1,0)
12.2	(1.56273,1.11357)  (1,0)
12.5	(1.73239,1.16658)  (1,0)
12.82	(1.91465,1.16161)  (1,0)
12.99	(2.00458,1.14234)  (1,0)
13.16	(2.08858,1.11661)  (1,0)
13.33	(2.16446,1.07135)  (1,0)
13.51	(2.22867,1.0251)  (1,0)
13.7	(2.29027,0.973854)  (1,0)
13.89	(2.34592,0.917045)  (1,0)
14.08	(2.39177,0.850994)  (1,0)
14.29	(2.42799,0.77613)  (1,0)
14.71	(2.4452,0.624175)  (1,0)
15.15	(2.41826,0.512894)  (1,0)
15.38	(2.39772,0.472994)  (1,0)
15.63	(2.37645,0.43966)  (1,0)
16.13	(2.34076,0.393037)  (1,0)
16.39	(2.32589,0.38255)  (1,0)
16.67	(2.32394,0.376232)  (1,0)
16.95	(2.32928,0.355099)  (1,0)
17.24	(2.33037,0.327484)  (1,0)
18.18	(2.28626,0.239228)  (1,0)
18.32	(2.2753,0.234172)  (1,0)
18.61	(2.25736,0.224291)  (1,0)
18.87	(2.23942,0.215741)  (1,0)
19.23	(2.22596,0.227073)  (1,0)
19.61	(2.23329,0.224445)  (1,0)
20	(2.24131,0.200812)  (1,0)
20.41	(2.23379,0.164516)  (1,0)
20.83	(2.21123,0.133893)  (1,0)
22.22	(2.12347,0.084535)  (1,0)
22.6	(2.09769,0.079673)  (1,0)
23.05	(2.06999,0.077706)  (1,0)
23.6	(2.03901,0.0779797)  (1,0)
24.6	(1.98783,0.0815096)  (1,0)
25	(1.96751,0.08418)  (1,0)
26	(1.91818,0.0942072)  (1,0)
28.57	(1.79405,0.137311)  (1,0)
31	(1.67453,0.223456)  (1,0)
33.33	(1.57978,0.340801)  (1,0)
34.48	(1.54393,0.404719)  (1,0)
35.64	(1.51287,0.471665)  (1,0)
37	(1.48082,0.551004)  (1,0)
38.24	(1.45318,0.622748)  (1,0)
39.6	(1.41751,0.698586)  (1,0)
41.14	(1.34801,0.781099)  (1,0)
42.76	(1.22312,0.926444)  (1,0)
43.58	(1.1294,1.04426)  (1,0)
44.58	(1.01522,1.27261)  (1,0)
45.5	(0.944981,1.60774)  (1,0)
46.15	(0.98283,1.92761)  (1,0)
46.71	(1.1342,2.22429)  (1,0)
47.36	(1.45288,2.49088)  (1,0)
48	(1.85431,2.59)  (1,0)
48.78	(2.28652,2.49718)  (1,0)
50.03	(2.68097,2.16747)  (1,0)
51.28	(2.82833,1.8895)  (1,0)
52.75	(2.8931,1.68906)  (1,0)
53.5	(2.91679,1.62685)  (1,0)
54.24	(2.96592,1.58989)  (1,0)
55	(3.04624,1.51325)  (1,0)
55.74	(3.10975,1.39361)  (1,0)
56.4	(3.13172,1.26576)  (1,0)
57	(3.11629,1.14672)  (1,0)
57.46	(3.08132,1.06153)  (1,0)
58.4	(2.96038,0.925864)  (1,0)
59.29	(2.80025,0.869863)  (1,0)
60	(2.68136,0.925177)  (1,0)
61	(2.60122,1.0101)  (1,0)
61.25	(2.58932,1.03164)  (1,0)
62.5	(2.55995,1.13654)  (1,0)
63.78	(2.57246,1.23467)  (1,0)
64.67	(2.60202,1.29515)  (1,0)
65.58	(2.64504,1.34836)  (1,0)
66.55	(2.702,1.39457)  (1,0)
67.6	(2.77342,1.4307)  (1,0)
69	(2.87697,1.45562)  (1,0)
70.53	(2.99408,1.45405)  (1,0)
73	(3.16025,1.39297)  (1,0)
75	(3.26707,1.30517)  (1,0)
76.29	(3.31242,1.23607)  (1,0)
80	(3.37926,1.09617)  (1,0)
82.97	(3.41355,1.00029)  (1,0)
85	(3.42896,0.941501)  (1,0)
86.8	(3.43941,0.893812)  (1,0)
90.8	(3.45036,0.800274)  (1,0)
95.17	(3.4532,0.714735)  (1,0)
100	(3.45061,0.636474)  (1,0)
120	(3.40888,0.425847)  (1,0)
160	(3.33273,0.244207)  (1,0)
210	(3.27934,0.155128)  (1,0)
300	(3.23539,0.0917079)  (1,0)
500	(3.20677,0.0503215)  (1,0)
1300	(3.19263,0.0184862)  (1,0)
5000	(3.19015,0.00477603)  (1,0)
19000	(3.19015,0.0012767)  (1,0)
39000	(3.19015,0.000656928)  (1,0)
61000	(3.19015,0.000462243)  (1,0)
86000	(3.19015,0.000377939)  (1,0)
110000	(3.19015,0.00034561)  (1,0)
140000	(3.19015,0.000334358)  (1,0)
180000	(3.19015,0.000343396)  (1,0)
240000	(3.19015,0.000380797)  (1,0)
340000	(3.19015,0.000468673)  (1,0)
540000	(3.19015,0.000676932)  (1,0)
1e6	(3.19015,0.00119597)  (1,0)
2e6	(3.19015,0.00235622)  (1,0)
